2351068
4356274
5588934
6483472
7323410
8173712
8985408
9790182
10643498
11408402
12088914
12825176
13524476
14169842
14795390
15507454
16227960
16890462
17464712
18042554
18703978
19387928
20119812
20833546
21485432
22086638
22637204
23159720
23814590
24395034
24820656
25170238
25583382
26092138
26643354
27239326
27862972
28679140
29416260
30147118
30692336
31114044
31414210
31573580
31991832
32620550
33175326
33749044
34319930
34713578
35100238
35401998
35741428
36038428
36517504
36800452
37033212
37508528
37879322
38171134
38528822
39033578
39424980
39586262
39635404
39729892
40072560
40423658
40671158
40968870
41374988
41845884
42264616
42781698
43341208
43792972
44164126
44360836
44556240
44870654
45332868
45680626
45931456
46172120
46443654
46815578
47145920
47560222
48046600
48460878
48884496
49202122
49359414
49653662
49995584
50056964
50112090
50244290
50248932
50483252
50757294
51089042
51391978
51789874
52082506
52364418
52752818
52955900
52918724
52945220
52945070
53003188
53267636
53379596
53512640
53543352
53596186
53571026
53495302
53498594
53285604
53268184
53269620
53279770
53246884
53293330
53312230
53349768
53441186
53531116
53485610
53441712
53593006
53925074
54026074
54111436
54164112
54342316
54507966
54302948
53919018
53681794
53515038
53435200
53209270
53022620
52653744
52261138
51746726
51327932
51066292
50979368
50907926
50786008
50565504
50145302
49809244
49518534
49264146
49057552
48750986
48448940
48204738
47739350
47280728
46867212
46575526
46576758
46481074
46282500
45949048
45801754
45632302
45276780
45073108
45026974
44930852
44641878
44285132
44037448
43796568
43348090
42902440
42786722
42603844
42509826
42170900
41658888
40954708
40379286
39918068
39536818
39048548
38484876
37896614
37381976
36885578
36350276
35677502
35061136
34647388
34189030
33733974
33269366
32892840
32590384
32354212
31934790
31583588
31171360
30663472
30195590
29757274
29400862
28928900
28471078
28159228
27788226
27494462
27005444
26466140
25941322
25457264
25104682
24671428
24230592
23772496
23283306
22858192
22460666
22067740
21732052
21389256
21026602
20788336
20490758
20172826
19864854
19606152
19340880
19020146
18667130
18296594
18051960
17814764
17576588
17333524
17114578
16884620
16628098
16282764
15892442
15699194
15592054
15344692
15049262
14807498
14526200
14356068
14125032
13882892
13617216
13363034
13153464
12933728
12705914
12461692
12193664
11937056
11658398
11373272
11205386
10948328
10692958
10462606
10299602
10118410
9862318
9537572
9244936
9023464
8897906
8702672
8501552
8395138
8221666
8068990
7928718
7798976
7664646
7535124
7409928
7251336
7020554
6747810
6481880
6253540
6083258
5943034
5773850
5628148
5443096
5260208
5036242
4800066
4630452
4506096
4352148
4244226
4169436
4052356
3945028
3834202
3768498
3657768
3580696
3464604
3321040
3183804
3018868
2952516
2908240
2821214
2726434
2639088
2526506
2433486
2349166
2258128
2147722
2036578
1971526
1883946
1827242
1722408
1635218
1558694
1494056
1393932
1320242
1216210
1087666
996690
904710
830200
759496
691284
611938
550658
508754
460850
398744
349110
286516
228310
177686
115580
59824
21312
2438
0
0
0
0
0
0
0
0
0
0
0
0
0
0
0
0
0
0
0
0
0
0
0
0
0
0
0
0
0
0
0
0
0
0
0
0
0
0
0
0
0
0
0
0
0
0
0
0
0
0
0
0
0
0
0
0
0
0
0
0
0
0
0
0
0
0
0
0
0
0
0
0
0
0
0
0
0
0
0
0
0
0
0
0
0
0
0
0
0
0
0
0
0
0
0
0
0
0
0
0
0
0
0
0
0
0
0
0
0
0
0
0
0
0
0
0
0
0
0
0
0
0
0
0
0
0
0
0
0
0
0
0
0
0
0
0
0
0
0
0
0
0
0
0
0
0
0
0
0
0
0
0
0
0
0
0
0
0
0
0
0
0
0
0
0
0
0
0
0
0
0
0
0
0
0
0
0
0
0
0
0
0
0
0
0
0
0
0
0
0
0
0
0
0
0
0
0
0
0
0
0
0
0
0
0
0
0
0
0
0
0
0
0
0
0
0
0
0
0
0
0
0
0
0
0
0
0
0
0
0
0
0
0
0
0
0
0
0
0
0
0
0
0
0
0
0
0
0
0
0
0
0
0
0
0
0
0
0
0
0
0
0
0
0
0
0
0
0
0
0
0
0
0
0
0
0
0
0
0
0
0
0
0
0
0
0
0
0
0
0
0
0
0
0
0
0
0
0
0
0
0
0
0
0
0
0
0
0
0
0
0
0
0
0
0
0
0
0
0
0
0
0
0
0
0
0
0
0
0
0
0
0
0
0
0
0
0
0
0
0
0
0
0
0
0
0
0
0
0
0
0
0
0
0
0
0
0
0
0
0
