396719
1183066
1946041
2673790
3384907
4079257
4759601
5439834
6118609
6763073
7400743
8043572
8700028
9351869
10001963
10650925
11287782
11904655
12512456
13076822
13664799
14255576
14840917
15397648
15937617
16497015
17033858
17576915
18131944
18653696
19181530
19738340
20287320
20797358
21323470
21848756
22406025
22947548
23474402
23961490
24461542
24916668
25409988
25898670
26414971
26912213
27424510
27917435
28434084
28919329
29422010
29903733
30372918
30802031
31215205
31616120
32060495
32487023
32966857
33374580
33806228
34230162
34634130
35055363
35503968
35899890
36244569
36590336
36964121
37367804
37750514
38102228
38442242
38744846
39059863
39412325
39757366
40099785
40478262
40791969
41119255
41424513
41709025
41985637
42285347
42599337
42910354
43205786
43529861
43770784
43991094
44236848
44474815
44714765
44962208
45160104
45342968
45464328
45628059
45772523
45876784
46065402
46222968
46393310
46500920
46605819
46796513
46985574
47066771
47091267
47136321
47211296
47287486
47267881
47314889
47388827
47451481
47522811
47575423
47617589
47661897
47688922
47743585
47795201
47859250
47888256
47906312
47980036
48048892
48084283
48111731
48125832
48116647
48093997
48129950
48119410
48143825
48141481
48120152
48102240
48080891
48038781
48034357
48046919
47999219
47914211
47844889
47756758
47705010
47654176
47624891
47534968
47481629
47333022
47280503
47148135
47007972
46907569
46806003
46675445
46560017
46433556
46250793
46031817
45840765
45689849
45478822
45269528
45002255
44760631
44536121
44230047
43937165
43745712
43490082
43291256
43104043
42855487
42602902
42422752
42224120
42047970
41868193
41665770
41466633
41307969
41106551
40847678
40642017
40379352
40070343
39692224
39392486
39088578
38814708
38566271
38279826
38014321
37755119
37459904
37189073
36961176
36746994
36523074
36243669
35951100
35751285
35460335
35167516
34953438
34713378
34471382
34234277
33968820
33727095
33517535
33303923
33072772
32827695
32540881
32282255
31951104
31608256
31320887
31051186
30816886
30511407
30223623
29936942
29674300
29391629
29130785
28846213
28588399
28261910
27936652
27652840
27332733
27085530
26847393
26583910
26318398
26071592
25808245
25525031
25274817
25024464
24795241
24578840
24339005
24110045
23846608
23572863
23304044
23061355
22819952
22600195
22347804
22103383
21890184
21670038
21469875
21258808
21036119
20770169
20530319
20276913
20006510
19693416
19442658
19192276
18959130
18741348
18493035
18194639
17914108
17603750
17260744
16925778
16617809
16357659
16118170
15844916
15564562
15325590
15127586
14926023
14691787
14453171
14207287
13938003
13622553
13332943
13067371
12795143
12496996
12209042
11920692
11593491
11287876
11036692
10796611
10563170
10314754
10042692
9693801
9303966
8965342
8676093
8423479
8175126
7933341
7699410
7469682
7266112
7099198
6914168
6751469
6618305
6461561
6304368
6156603
6035690
5904113
5769140
5630852
5479292
5354467
5217867
5069909
4908735
4689344
4517603
4348308
4165866
3965277
3781536
3607861
3434043
3249064
3078326
2930581
2751083
2563454
2391020
2248341
2109278
1977202
1837373
1672743
1487855
1332019
1185560
1038225
892698
715978
528682
363504
214579
69850
0
0
0
0
0
0
0
0
0
0
0
0
0
0
0
0
0
0
0
0
0
0
0
0
0
0
0
0
0
0
0
0
0
0
0
0
0
0
0
0
0
0
0
0
0
0
0
0
0
0
0
0
0
0
0
0
0
0
0
0
0
0
0
0
0
0
0
0
0
0
0
0
0
0
0
0
0
0
0
0
0
0
0
0
0
0
0
0
0
0
0
0
0
0
0
0
0
0
0
0
0
0
0
0
0
0
0
0
0
0
0
0
0
0
0
0
0
0
0
0
0
0
0
0
0
0
0
0
0
0
0
0
0
0
0
0
0
0
0
0
0
0
0
0
0
0
0
0
0
0
0
0
0
0
0
0
0
0
0
0
0
0
0
0
0
0
0
0
0
0
0
0
0
0
0
0
0
0
0
0
0
0
0
0
0
0
0
0
0
0
0
0
0
0
0
0
0
0
0
0
0
0
0
0
0
0
0
0
0
0
0
0
0
0
0
0
0
0
0
0
0
0
0
0
0
0
0
0
0
0
0
0
0
0
0
0
0
0
0
0
0
0
0
0
0
0
0
0
0
0
0
0
0
0
0
0
0
0
0
0
0
0
0
0
0
0
0
0
0
0
0
0
0
0
0
0
0
0
0
0
0
0
0
0
0
0
0
0
0
0
0
0
0
0
0
0
0
0
0
0
0
0
0
0
0
0
0
0
0
0
0
0
0
0
0
0
0
0
0
0
0
0
0
0
0
0
0
0
0
0
0
0
0
0
0
0
0
0
0
0
0
0
0
0
0
0
0
0
0
0
0
0
0
0
0
0
0
0
0
0
