1140664
2673494
4058122
5272646
6389582
7468350
8468476
9434014
10332768
11201900
12079720
12896668
13689598
14445020
15173060
15922950
16615858
17302312
17952712
18572380
19202834
19816410
20410556
20986458
21554474
22096432
22613886
23166530
23690034
24223252
24716666
25170706
25677728
26137758
26559302
26976824
27414862
27826140
28236410
28636848
29055276
29423050
29808880
30167142
30495260
30876766
31179810
31517998
31882382
32194258
32510480
32810968
33096890
33388078
33711908
33967578
34242844
34509944
34786926
35051768
35307262
35542638
35810738
36068764
36321514
36554056
36776230
37017712
37214884
37435016
37629866
37837780
38000440
38204688
38398478
38563098
38704920
38887554
39054128
39218168
39380368
39530428
39642750
39786758
39915432
40003856
40160404
40306016
40437598
40546814
40649174
40775852
40857572
40955810
41046904
41141656
41243410
41301344
41361520
41439400
41515958
41591290
41653688
41710314
41761640
41841724
41893632
41951694
42004776
41993748
42029392
42100772
42147478
42201126
42245158
42285930
42318676
42364248
42367614
42390538
42412348
42437850
42450892
42445526
42450552
42446870
42435122
42400978
42370986
42361866
42327150
42324054
42294908
42299496
42280140
42271274
42219714
42185242
42156766
42131174
42055014
42013730
41947834
41893520
41841778
41777704
41718728
41663146
41609668
41559444
41500284
41449402
41347576
41256376
41194424
41141302
41055940
40973904
40885722
40768060
40672452
40571720
40517238
40419712
40362714
40278070
40167006
40076576
39989158
39914614
39795854
39683460
39597304
39487604
39386652
39281668
39164658
39051190
38918460
38798652
38643686
38469842
38334542
38169760
38072460
37932368
37799732
37647488
37497012
37347088
37196732
37078798
36943818
36798694
36618558
36454684
36320642
36172692
36019346
35897190
35733732
35550022
35393172
35246294
35084828
34898562
34733228
34579698
34432940
34270310
34075554
33909450
33749338
33553794
33373638
33190668
33034010
32850632
32658084
32440466
32279084
32115948
31902262
31748506
31555404
31349272
31171362
30995542
30802032
30618418
30388734
30168786
29956830
29725696
29517672
29328704
29115174
28871700
28673756
28463056
28261058
28046852
27850312
27662352
27462188
27261438
27052890
26862798
26636758
26454468
26248116
26014864
25811640
25597986
25386848
25201116
24986822
24790344
24558992
24330216
24121812
23897998
23691028
23461338
23241220
22984658
22734638
22476440
22209450
21940340
21693172
21458174
21237540
20986976
20769154
20512844
20295060
20072578
19859636
19631218
19377624
19134154
18907974
18666196
18442708
18222024
17950364
17713604
17461888
17223624
16973262
16733478
16492800
16245472
16015980
15800772
15557698
15326228
15104724
14838782
14559474
14316314
14054160
13785114
13546326
13277250
13031196
12814144
12566582
12308980
12039616
11774522
11526734
11249488
10996750
10767540
10513900
10252520
9976824
9740404
9503766
9256280
8988432
8745248
8532020
8282644
8031188
7770994
7527420
7274848
7034612
6798534
6579794
6327926
6079644
5817318
5575838
5323466
5075560
4851628
4627114
4390592
4166698
3955368
3724284
3480844
3257488
3000964
2774338
2546606
2296674
2053424
1818562
1544756
1291808
1054804
814466
591850
363878
132074
0
0
0
0
0
0
0
0
0
0
0
0
0
0
0
0
0
0
0
0
0
0
0
0
0
0
0
0
0
0
0
0
0
0
0
0
0
0
0
0
0
0
0
0
0
0
0
0
0
0
0
0
0
0
0
0
0
0
0
0
0
0
0
0
0
0
0
0
0
0
0
0
0
0
0
0
0
0
0
0
0
0
0
0
0
0
0
0
0
0
0
0
0
0
0
0
0
0
0
0
0
0
0
0
0
0
0
0
0
0
0
0
0
0
0
0
0
0
0
0
0
0
0
0
0
0
0
0
0
0
0
0
0
0
0
0
0
0
0
0
0
0
0
0
0
0
0
0
0
0
0
0
0
0
0
0
0
0
0
0
0
0
0
0
0
0
0
0
0
0
0
0
0
0
0
0
0
0
0
0
0
0
0
0
0
0
0
0
0
0
0
0
0
0
0
0
0
0
0
0
0
0
0
0
0
0
0
0
0
0
0
0
0
0
0
0
0
0
0
0
0
0
0
0
0
0
0
0
0
0
0
0
0
0
0
0
0
0
0
0
0
0
0
0
0
0
0
0
0
0
0
0
0
0
0
0
0
0
0
0
0
0
0
0
0
0
0
0
0
0
0
0
0
0
0
0
0
0
0
0
0
0
0
0
0
0
0
0
0
0
0
0
0
0
0
0
0
0
0
0
0
0
0
0
0
0
0
0
0
0
0
0
0
0
0
0
0
0
0
0
0
0
0
0
0
0
0
0
0
0
0
0
0
0
0
0
0
0
0
0
0
0
0
0
0
0
0
0
0
0
0
0
0
0
0
0
0
0
0
0
